INFO: 2023-02-09 18:02:42,904: MAPE: 0.13558355308478928
INFO: 2023-02-09 18:02:42,914: MAE: 0.937383784513029
