INFO: 2023-01-21 18:06:23,560: Data
INFO: 2023-01-21 18:08:18,833: Data shape (110527, 14)
INFO: 2023-01-21 18:08:21,300: Percentage of women: 0.653882342398853
INFO: 2023-01-21 18:08:27,725: Percentage of men: 0.346117657601147
ERROR: 2023-01-21 18:11:15,662: Data shape is incorrect!
